#%YAML:1.0
#---
K: #!!opencv-matrix
   rows: 3
   cols: 3
   dt: d
   data: [ 930.51799427122262, 0., 496.97473215714263, 0.,
       931.36978522606023, 367.35950042641059, 0., 0., 1. ]
D: #!!opencv-matrix
   rows: 1
   cols: 5
   dt: d
   data: [ 0.013340078291218162, -0.24757314058592067,
       -0.0010789868780166749, 0.0018925717425099934,
       0.77162482233793617 ]
